min_pressure: 28.1227832
max_pressure: 70.0
max_pump_efficiencies:
  b1: 0.65
  b2: 0.65
  b3: 0.65
max_abs_flows:
  b2: 303.33298273666213
  b1: 303.33298273666213
  b3: 303.33298273666213
  '78': 355.22989827030256
  '80': 246.7717903558622
  '178': 250.90796956822422
max_pump_prices:
  b2: 377.3796778250384
  b1: 377.3796778250384
  b3: 377.3796778250384
