b1: 0.9038811079161312
b2: 0.6211504593233291
b3: 0.9038818857512253
